1.001169800758361816e+00 1.724428057407962830e-02 2.375162188705855215e-02 1.652832566410430623e-02 2.452849673664791660e-02 2.646967395265028417e-02 2.067941060083439836e-02 3.296197699562061767e-02 1.624647194307477990e-02 1.846514477102003185e-02 2.218529513204131956e-02 2.203216207400936211e-02 1.961991377380600463e-02 2.380213404756855930e-02 -6.007426391090540767e-03 -1.347893578373194311e-02 2.177668888125238941e-02 1.998675900300410022e-02 2.290097626336888917e-02 2.017621941456693851e-02 2.243649402550177557e-02 2.681790921795050922e-02 2.093624989317045479e-02 2.056714738695824760e-02 2.397532697886759628e-02 2.402359583066185009e-02 1.969625192114388135e-02 2.081541014410456455e-02 2.038492115711327407e-02 2.240637837424919870e-02 2.276391931991327694e-02 2.017130397037594433e-02 2.238835228522255069e-02 1.967984336106669979e-02 1.728726521860632706e-02 1.542963239506299142e-02 2.173558436968422297e-02 2.256820111068756629e-02 2.481883619892787801e-02 2.114709716634406364e-02 2.154322693304263833e-02 2.070560535073883227e-02 1.977089012657200218e-02 2.197005203537550841e-02 1.909491388331746239e-02 2.330951127583621302e-02 3.539667724018428791e-03 2.001830919849769894e-02 2.200059651338757624e-02 2.089380582179008183e-02 2.421774959047184178e-02 2.024527868163221792e-02 2.158387049076510023e-02 1.482499783882487883e-02 2.362558313734507143e-02 1.894711811208681096e-02 1.103963228644550335e-02 2.101910983901010901e-02 2.024743957738768182e-02 2.060324007307677216e-02 1.588519866809034661e-02 1.421726511401170956e-02 2.109068759026873005e-02 1.842279987455797477e-02 2.189870895152924365e-02 2.185249623325279111e-02 1.479909642318589201e-02 2.120992098502383696e-02 2.364534827951686805e-02 2.206295239407246936e-02 1.970664014463021849e-02 1.815993605514156645e-02 1.916245060586209067e-02 1.735910138338450995e-02 2.309074537432536517e-02 1.605405444275026863e-02 1.857630867981566875e-02 2.130741272338996725e-02 1.785729471250068270e-02 2.268574434134176462e-02 2.223114467456055107e-02 2.080804745404183850e-02 1.943723776475400969e-02 -4.804354314179347385e-02 -4.882554435687898320e-02 -4.934232669744549604e-02 -4.977928859389432054e-02 -4.869585150031593285e-02 -4.934441635487935018e-02 -4.674178154493224130e-02 -5.019121929969164869e-02 -4.802674765985186223e-02 -5.328491243195539184e-02 -4.819706591534952261e-02 -5.044581109282245124e-02 -5.122228644907887013e-02 -4.990978043712325507e-02 -4.882715909216877453e-02 -5.362904660485869751e-02 -4.988366530651944242e-02 -4.732779077214428753e-02 -5.284471547760763444e-02 -4.918720595055767891e-02 -5.031558744092191893e-02 -4.697334799505526598e-02 -5.020991447020948378e-02 -5.282615999007334723e-02 -4.947781919148538932e-02 -4.785504374915743042e-02 -5.171561322304828873e-02 -4.954695668102145761e-02 -5.151639735191457931e-02 -4.767461803297037143e-02 -5.093589163425425725e-02 -5.067295238602673169e-02 -5.061776084556792593e-02 -4.776724461301957991e-02 -5.023243136715714596e-02 -5.180644627358876875e-02 -4.285473655834001749e-02 -4.805972401860747478e-02 -5.372727726620778188e-02 -5.051585931541124203e-02 -4.521187852470453378e-02 -5.122800227676558432e-02 -4.740535393924787122e-02 -5.137160197117050797e-02 -4.995243403297894985e-02 -5.150033380880675998e-02 -4.972600232933108155e-02
1.724428057407962830e-02 1.002631425857543945e+00 1.879474073899584097e-02 1.458353065882809010e-02 1.960377200822739641e-02 2.480942156583685818e-02 1.394107134747548001e-02 1.959542594996050574e-02 1.574925360118376028e-02 1.292273211154899848e-02 2.108883958439641479e-02 2.226214312226914085e-02 2.031635357415007351e-02 1.766533676919204016e-02 -6.948665509003897761e-03 -6.590750911358832405e-03 1.336564729675656510e-02 1.563793185061671323e-02 2.099780259669995972e-02 1.886984269192933453e-02 2.153289178909004870e-02 1.792936554469122534e-02 1.613639197423146279e-02 1.676856922116522902e-02 1.226046016581018236e-02 2.261094550048256546e-02 1.651067811596306986e-02 2.062659367109587541e-02 1.699013297283651081e-02 1.433285138606642424e-02 1.327010553284074280e-02 1.877926386441891235e-02 2.422341792594414830e-02 1.225592745299410556e-02 2.187054327472697304e-02 1.813553623157570377e-02 1.608544959013213232e-02 1.886946834153343383e-02 1.693043665615833610e-02 1.884708973073948371e-02 1.638856864857674359e-02 1.300355966997805528e-02 1.494499669632981878e-02 1.860745938197632537e-02 1.024670925887650672e-02 1.550279554818486359e-02 -1.616369056891337006e-03 1.419186236662398244e-02 1.778433409970495496e-02 1.768936922651117780e-02 1.831390441741512914e-02 1.676691258098037332e-02 1.819610975739054809e-02 1.343189055487355524e-02 1.947757122625299805e-02 1.862306197123844709e-02 7.143156603219153779e-03 1.627903484019909211e-02 1.614924560237739060e-02 1.759879598632009545e-02 1.563673337061788696e-02 1.522719683115853970e-02 2.001199273398173578e-02 1.438044556905014940e-02 1.432470507446600462e-02 1.663865007816883387e-02 1.152845149053588480e-02 1.328689822112267757e-02 1.999391635908101192e-02 1.655365158585108201e-02 1.687987141611458144e-02 1.665488403451658231e-02 1.785459324359889993e-02 1.388712577922990472e-02 1.904953088196327526e-02 1.408328678351345592e-02 1.586907785495926884e-02 1.753775452251037092e-02 1.240849479494269755e-02 1.602532165303479847e-02 1.453070814177022732e-02 1.542462755376252694e-02 1.616883893447942921e-02 -4.522360910166275255e-02 -4.505987550200946795e-02 -4.924018491255711255e-02 -4.648859216895624702e-02 -5.010074383758904987e-02 -4.403937397349769189e-02 -4.557933416854072911e-02 -4.822099081677132942e-02 -4.565698952641344954e-02 -4.759128316498665440e-02 -4.582242446480632586e-02 -5.174124784418870221e-02 -4.663082855744175165e-02 -4.684524752450464069e-02 -4.747916242775372664e-02 -5.078579388745475820e-02 -4.664652892479236035e-02 -4.602998779103675830e-02 -4.890891274877874617e-02 -4.744812486880974067e-02 -4.738043449498321319e-02 -4.578336910260678155e-02 -5.113879513615358224e-02 -4.897259701463716614e-02 -4.937339219298619158e-02 -4.785388717405367198e-02 -4.818337698296198263e-02 -4.627726857680874301e-02 -4.837524552916115661e-02 -4.329660412117098539e-02 -4.975129612399164375e-02 -4.772034465446407803e-02 -4.826194028022775390e-02 -4.447322652673277310e-02 -4.887683036111783313e-02 -4.898035780120300192e-02 -3.973224638218837701e-02 -4.495492888281147487e-02 -4.970147399742035760e-02 -5.179671316329526043e-02 -4.465313262222104368e-02 -5.068370797575979386e-02 -4.682695743463909099e-02 -5.178977371267268204e-02 -5.065829126007371369e-02 -4.685569022435456116e-02 -4.641713035457396830e-02
2.375162188705855215e-02 1.879474073899584097e-02 1.006129384040832520e+00 1.784417848034568904e-02 2.340442865681558252e-02 2.662017678010206168e-02 1.904877799068195945e-02 2.435334544991956188e-02 1.729654156554363484e-02 2.473193941486373504e-02 2.053089965272798800e-02 2.287735866451088423e-02 2.456962778798295333e-02 2.644880252124879802e-02 -6.483353554214519622e-03 -1.340568882081994394e-02 2.087862926562777596e-02 1.752259333147625567e-02 2.191497782862288080e-02 2.354099950348845227e-02 2.133971441333504596e-02 2.718609400696081826e-02 2.561625841539690029e-02 2.053957955332555430e-02 2.381321928914279309e-02 2.365147756883487912e-02 2.263607027873303437e-02 1.922114399871840268e-02 2.595482203091637949e-02 2.550067074651235152e-02 1.787546327817055025e-02 2.385326360686584185e-02 2.678528486031344150e-02 1.440000118674662766e-02 2.402174363430002735e-02 2.043411191659893350e-02 2.246988803637818555e-02 2.530611190605007443e-02 1.928243828872834922e-02 1.902140291956656154e-02 2.146557297199975373e-02 2.225916647788976979e-02 2.363826914591074524e-02 2.322287849261097173e-02 1.418539783814545992e-02 2.104375829828668623e-02 5.824460889055148131e-04 2.172040921035175640e-02 2.290692256797845563e-02 2.160832199703487805e-02 2.068273365901296401e-02 2.185368214178310189e-02 2.265540380048567531e-02 2.027808742080756954e-02 2.510627304880974978e-02 1.626815074212116519e-02 1.552915233035021166e-02 2.095982419030355953e-02 2.237693459814747710e-02 2.076714827645948988e-02 1.745302003103152422e-02 1.369649203060527981e-02 2.725397714330463766e-02 2.228322547497578118e-02 1.965964240798623655e-02 1.938994809067441649e-02 1.820813925593355379e-02 1.898122310934947238e-02 2.685243047050413917e-02 2.230116496055263228e-02 2.257648151795219049e-02 1.934476343915686458e-02 2.120567601915386569e-02 2.012248895811602489e-02 2.256129937447054479e-02 1.877164276083662792e-02 2.000962650424046099e-02 2.170894403106227860e-02 1.733307425306033003e-02 2.292922994045079599e-02 2.020797913453585559e-02 1.988460744030686941e-02 2.103502950864487991e-02 -5.629121430239323459e-02 -5.353676085128934031e-02 -5.830139770592713405e-02 -5.930035453105673288e-02 -5.993150371123160541e-02 -5.724195256160265199e-02 -5.561631641177167129e-02 -5.776991512817221397e-02 -5.604731663848273870e-02 -5.645246433859905932e-02 -5.502868686195048348e-02 -6.086763671768142397e-02 -5.939820525469057672e-02 -5.690162894049048681e-02 -5.952619397885436370e-02 -6.206964790233258228e-02 -5.581116299918004869e-02 -5.380794698286543720e-02 -5.636086582530874800e-02 -5.868991195636277108e-02 -5.517152109360556889e-02 -5.456209541103181765e-02 -6.138936383586547640e-02 -5.945040757930149244e-02 -6.061747008146937260e-02 -5.753715299171002773e-02 -5.665098179481503626e-02 -5.782866579105178095e-02 -5.785750194617507447e-02 -5.291547887707218067e-02 -6.002890744931809602e-02 -5.692741441925313478e-02 -5.865621483341205977e-02 -5.499778339867070209e-02 -5.716853518545073065e-02 -5.908770674422521296e-02 -4.753748845436331361e-02 -5.316324296596723620e-02 -6.027164295080548323e-02 -5.708028906376552691e-02 -5.407365195416717618e-02 -6.036956072227143283e-02 -5.834694553320191046e-02 -6.180375854949256287e-02 -5.937182752007769820e-02 -5.996153555269405355e-02 -5.686365193092392939e-02
1.652832566410430623e-02 1.458353065882809010e-02 1.784417848034568904e-02 9.911238551139831543e-01 1.342800178061162586e-02 2.058805373910562245e-02 1.282819187462520306e-02 1.044448988735427811e-02 1.054615395643893408e-02 9.968788312248727870e-03 1.296394697267416393e-02 1.120143267360650466e-02 1.400956629528723497e-02 1.243048788070206037e-02 -9.501568287904106971e-03 -1.125684561159423329e-02 1.622916661824323065e-02 1.569585279657401827e-02 1.648256970918405076e-02 1.499779267362080781e-02 1.843173818867510291e-02 1.747744360070459246e-02 9.638912978305824719e-03 1.583158554534561113e-02 1.777271247547390284e-02 1.301894714744551360e-02 1.540820921587649807e-02 1.672720629607750420e-02 1.547877985282375066e-02 1.874674985633884364e-02 2.267087229408359245e-02 1.158055813230307422e-02 1.608056347936768354e-02 1.256988032364256790e-02 2.067233286405810791e-02 1.152969117701485927e-02 1.656861861753806953e-02 1.566175198980086086e-02 1.339933743555809381e-02 1.621831604408135660e-02 1.614976801673585413e-02 9.936278494658164900e-03 1.322581624924772277e-02 1.562178170405909353e-02 1.013876783651128204e-02 1.585416529963586812e-02 3.293088321427575316e-04 1.518992522065888522e-02 1.328037642262090180e-02 1.494455948859131980e-02 1.099954257175280239e-02 1.450577612603705033e-02 1.665104833978840043e-02 7.361036914614317930e-03 1.545316478730103353e-02 1.211276217266801444e-02 8.270259295869030955e-03 1.419460294676116140e-02 1.284326506537968211e-02 1.645249316916686660e-02 1.195658961291409111e-02 9.491380509499158791e-03 1.675384104738010874e-02 1.173686688296595240e-02 1.349996505690483593e-02 1.604542482802678166e-02 8.355502233407986409e-03 1.656346990276455142e-02 1.839152206088229269e-02 1.670708915278716969e-02 1.407185931862953501e-02 1.266218004551027988e-02 1.399270097185385635e-02 1.262120543911681401e-02 1.594335428146000447e-02 6.625031909180761035e-03 1.168304144208622865e-02 1.664427511191624021e-02 1.141510643195217146e-02 1.758734198166930079e-02 1.687647432595473437e-02 1.182882996884331885e-02 1.475899483543958828e-02 -4.323504583032214410e-02 -4.463985156414546768e-02 -4.696476028522684337e-02 -4.390757469754275749e-02 -4.499794286076471556e-02 -4.516677488931743895e-02 -4.414804174737736037e-02 -4.574120998451284420e-02 -4.224584167110374128e-02 -4.505433008756268287e-02 -4.238660021362333080e-02 -4.714924798257542904e-02 -4.860193983681809077e-02 -4.478903019691322235e-02 -4.475672990379798294e-02 -4.510775882876913445e-02 -4.276181385036569027e-02 -4.480904956211508028e-02 -4.669295954852314273e-02 -4.201342594844075656e-02 -4.359613193010862531e-02 -4.250540897210845770e-02 -4.579692673298978861e-02 -4.768955293757113495e-02 -4.516075734638626271e-02 -4.329929720909375668e-02 -4.637440132990715974e-02 -4.423025077051368631e-02 -4.611496812456664790e-02 -4.415749549170377292e-02 -4.619062042845531457e-02 -4.455120874278699350e-02 -4.641792096026083753e-02 -4.068390375542953186e-02 -4.446791019237900100e-02 -4.572489501203463869e-02 -3.947902906961567315e-02 -4.331479363928838339e-02 -4.727397371224358047e-02 -4.466207233316801112e-02 -4.151223781615735048e-02 -4.587002563193922494e-02 -4.367651669347984156e-02 -4.684151519518428564e-02 -4.539397764303448185e-02 -4.727164938739737005e-02 -4.650727337117572385e-02
2.452849673664791660e-02 1.960377200822739641e-02 2.340442865681558252e-02 1.342800178061162586e-02 1.001968026161193848e+00 3.148078981273451371e-02 2.133855085408210492e-02 3.136887859997689737e-02 2.290473233879644979e-02 1.911945199303703713e-02 2.396709406381737975e-02 2.104198851488515640e-02 2.983579360138401138e-02 2.936620175997877238e-02 -3.587988607724053227e-03 -1.205371119137382298e-02 1.794543467511838797e-02 1.887447737332340059e-02 2.261293598299810026e-02 1.724357377818288434e-02 2.062702808517470621e-02 3.285382884243973761e-02 2.054231873663289742e-02 2.138523570084294168e-02 2.109000873096869566e-02 3.186154607026397967e-02 1.718539721236569257e-02 1.881755795435812589e-02 2.657124583096579992e-02 2.224862320629169762e-02 2.210539646545284578e-02 2.320955692647016372e-02 2.300683361561960474e-02 1.456471117045489948e-02 2.532722917950260000e-02 1.953768240139230547e-02 1.809674067972555714e-02 2.788769928403642823e-02 2.335193439476905206e-02 2.577831302558795598e-02 2.008340007200043117e-02 1.905756405034702075e-02 2.281848228694612762e-02 2.411268843122733874e-02 1.553043601696900249e-02 2.151083584598809106e-02 -3.318429084491353494e-03 2.172480922433346270e-02 2.077218664167600204e-02 2.361943987972870557e-02 2.147500297021896071e-02 2.146789869367579651e-02 2.394446821414255092e-02 1.894043148766445112e-02 2.306849387504644050e-02 2.229907250945910649e-02 1.098741599353623109e-02 2.046573055675447034e-02 1.967572410988192161e-02 2.033451236201109028e-02 1.818964243525235391e-02 1.656316399703058537e-02 2.538522276061134716e-02 2.047344943842523829e-02 1.961923351767613441e-02 2.246240661577944900e-02 1.590833575748495238e-02 2.009077533353167619e-02 2.625344748778030840e-02 2.140086762353160879e-02 2.212936746225922097e-02 2.371631282247772463e-02 2.058810402497969830e-02 2.013646284378999354e-02 2.239285426778224800e-02 1.722625867554248777e-02 1.946795824332534300e-02 1.837299590677454741e-02 1.704618496047396320e-02 2.110205359463989197e-02 2.012869367624514974e-02 2.128544059007813835e-02 2.180399131721634520e-02 -5.712787067528073137e-02 -5.680184500436436662e-02 -5.882616991315249566e-02 -5.973780811160764315e-02 -5.935689820279627105e-02 -5.719195722813176508e-02 -5.905660213744912818e-02 -5.895334847601171879e-02 -5.683727419631104394e-02 -5.929010738738377945e-02 -5.643310427707954463e-02 -6.275539077979667979e-02 -6.161601344496767801e-02 -5.846698350194224486e-02 -6.112521772666011655e-02 -6.360946841439207855e-02 -5.565743349480835322e-02 -5.808973328729977875e-02 -6.098221587542477368e-02 -6.195420829741059288e-02 -5.810786972588342925e-02 -5.785679235661865538e-02 -6.111554607687937068e-02 -6.280501176287166254e-02 -6.311500182727691755e-02 -6.019953859469889118e-02 -6.057247539880944442e-02 -5.991687052187529700e-02 -6.149484125040094451e-02 -5.812994522460308844e-02 -6.223809999317005820e-02 -6.037156098259581494e-02 -5.970090386735471544e-02 -5.638074550752705805e-02 -6.220589468448362719e-02 -6.030714477790360961e-02 -4.732476803238035157e-02 -5.580757594016257789e-02 -6.110197447819801231e-02 -6.156951577340478987e-02 -5.659105779487368093e-02 -6.316519830424410786e-02 -5.942970097382059558e-02 -6.358385055520969498e-02 -6.147479953592172724e-02 -6.119943967679726538e-02 -5.845209888321555025e-02
2.646967395265028417e-02 2.480942156583685818e-02 2.662017678010206168e-02 2.058805373910562245e-02 3.148078981273451371e-02 1.004170179367065430e+00 2.434924435752264249e-02 2.910338263911710008e-02 2.608290015218963850e-02 2.169168480161529772e-02 2.810802125398398355e-02 2.315990381630896391e-02 2.578635317812088060e-02 2.828477610136344994e-02 -4.796526130573954168e-03 -1.656717569231803619e-02 2.029233648195912648e-02 2.129911834782698826e-02 2.488746803606350921e-02 1.657467247804496335e-02 2.265261293447442051e-02 2.816116224824433134e-02 2.038123771683715904e-02 2.045583401737021551e-02 2.749686070875458771e-02 3.332830120729008555e-02 2.376043029600097972e-02 2.188417912758076206e-02 2.394009613675755418e-02 2.364447945135920992e-02 2.211662837415979965e-02 2.417850705307434886e-02 2.780658537549110174e-02 1.726889271578048446e-02 2.509139401740239847e-02 2.323868781268874015e-02 1.650020468585676817e-02 2.966299736975824483e-02 2.645982909596994101e-02 2.373585167821617645e-02 1.914826719571280020e-02 1.968135054045916377e-02 2.681744547044513649e-02 2.592565063663257452e-02 1.784105516883359444e-02 2.233608291277953267e-02 8.385688948378443785e-04 2.037971377548666863e-02 2.195886342839345126e-02 2.416940251620680255e-02 2.381155706163859062e-02 2.168034394018117719e-02 2.579567562044276022e-02 1.734891011290497220e-02 2.489952547120322449e-02 2.165602932323527560e-02 1.158992317793493439e-02 2.386193792014406484e-02 1.961884799264154364e-02 2.358016661207483142e-02 1.878868687848894714e-02 1.845423972049457448e-02 2.463680133477036058e-02 2.286058832550631748e-02 2.563260691179115522e-02 1.838907621184039665e-02 1.629484974759620036e-02 1.811509223010386929e-02 2.892740722278581977e-02 2.353124683757725280e-02 2.194518567064460135e-02 2.295510202266324087e-02 2.202494744790919889e-02 2.114271810480988778e-02 2.377493497701242686e-02 2.073922145755907956e-02 2.250014756110381778e-02 2.224172426373434777e-02 2.115877606059836727e-02 2.236488135349726930e-02 2.329139020238075314e-02 2.277173178918302093e-02 2.149898514166402250e-02 -5.967405679791711742e-02 -5.693720899005939862e-02 -6.045525343901740623e-02 -5.844380730131223944e-02 -6.330534503529576529e-02 -5.850875988866126309e-02 -6.007816525663586121e-02 -5.913519337131160902e-02 -5.859058618042267685e-02 -6.334379696700638551e-02 -5.685243818100482738e-02 -6.438049054697085605e-02 -6.273951161822713396e-02 -5.913298638017158021e-02 -6.260294077155427461e-02 -6.583025464587838327e-02 -6.055773046306629770e-02 -6.051359064026567286e-02 -6.318424547588048779e-02 -6.020146621987183116e-02 -5.887153335888898470e-02 -6.005647528295079279e-02 -6.360584224413921850e-02 -6.322324496488659906e-02 -6.425111058029094047e-02 -6.202225625967500156e-02 -6.072859068854011277e-02 -5.999653452105140755e-02 -6.052378749806455044e-02 -5.915543064196779333e-02 -6.376282915568720622e-02 -5.947342174767057676e-02 -6.312341633020573939e-02 -5.735327989948903887e-02 -6.164749240213966697e-02 -6.164308400717894570e-02 -5.080091876091315239e-02 -5.778150322848721321e-02 -6.346408077779776280e-02 -6.339796602802563741e-02 -5.841157405602909886e-02 -6.617793676656376356e-02 -5.982633918657927902e-02 -6.582052153558487495e-02 -6.402719875766624269e-02 -6.176065796808952180e-02 -5.868462076494603691e-02
2.067941060083439836e-02 1.394107134747548001e-02 1.904877799068195945e-02 1.282819187462520306e-02 2.133855085408210492e-02 2.434924435752264249e-02 9.898568391799926758e-01 2.069292632632233411e-02 1.675116332458552806e-02 2.243225604378098342e-02 2.147307674187586002e-02 2.327147839307622951e-02 1.684494927339817358e-02 1.951774265549107573e-02 -1.141481658976131394e-02 -1.551265437316355980e-02 1.799942913240820327e-02 1.908700223912940253e-02 1.964983666254128958e-02 1.769377482781222741e-02 2.137437674570205615e-02 2.650295482031002348e-02 1.642405930103618336e-02 1.744312069798760120e-02 2.069479528464218329e-02 1.830239314274107951e-02 1.390063731422833647e-02 1.655833794994906322e-02 1.949526766343847792e-02 1.902235136702483745e-02 2.097276162823961607e-02 1.617854550500606031e-02 2.875639334603010550e-02 2.068261353164711422e-02 1.672636540451655565e-02 1.164116448361905178e-02 1.751081386547380034e-02 2.028204324290160121e-02 1.621283209014733051e-02 1.634809410726437498e-02 1.773383870115297078e-02 1.936486242365933683e-02 1.722868636579652155e-02 2.007946799601360507e-02 1.275466973623561560e-02 1.938751900359054689e-02 5.025682438117756766e-04 1.707002465527580545e-02 1.887373006936142808e-02 1.678479339970413015e-02 2.217093991182226762e-02 1.800011637268725262e-02 1.960666065232713126e-02 1.608420082425923020e-02 2.131216892897971893e-02 1.715497844903882130e-02 7.929936373171783681e-03 1.968418750185499042e-02 1.707203609023887417e-02 2.040349340660558772e-02 1.604484374681522732e-02 1.187106870623787919e-02 2.117855377423868632e-02 1.717974843251108413e-02 2.220036971962563443e-02 1.883055405914727323e-02 9.840265999087792481e-03 1.766296914262092954e-02 2.047347039087276874e-02 2.027197489344758491e-02 1.633915858680691849e-02 1.193023702123825053e-02 1.582855721826232839e-02 1.556938941059055406e-02 2.055202949764903600e-02 1.349807514613745457e-02 1.729193901123578583e-02 1.879316371811160305e-02 1.801595362936173061e-02 1.951164549325927824e-02 2.099510112779817347e-02 1.505723616409876398e-02 1.556069135120512724e-02 -5.020375724429476660e-02 -4.991423353063871582e-02 -5.180009349149708453e-02 -5.028882976859379295e-02 -5.066048707657506284e-02 -4.938225368146236666e-02 -4.953572616914433957e-02 -5.169951615602441652e-02 -4.689932718841442055e-02 -5.250976685770233215e-02 -5.127981907634191622e-02 -5.218038879518085288e-02 -5.408433490874879623e-02 -5.113012920385437421e-02 -4.997331384535944748e-02 -5.366792876015864105e-02 -5.086043488654255068e-02 -5.113401239079696375e-02 -5.495778377950238935e-02 -4.926413216325628563e-02 -5.123005282296404228e-02 -4.747643581591490247e-02 -5.208624246427065452e-02 -5.507377094171987675e-02 -4.916452702134910258e-02 -4.827443352627613232e-02 -5.334488113045147972e-02 -5.133274775246727401e-02 -5.279190972250779462e-02 -4.951320927219667739e-02 -5.071472318542641355e-02 -5.200336575647297732e-02 -5.102859643677425117e-02 -4.795378844388597378e-02 -5.152675624197437104e-02 -5.373193150321954603e-02 -4.420387582956047945e-02 -5.111110438149536750e-02 -5.497443957846044615e-02 -5.116113882620165060e-02 -4.625572946074590908e-02 -5.143261549838352292e-02 -4.992195520596915542e-02 -5.349664389841484596e-02 -5.251604700464256731e-02 -5.274083044908459139e-02 -5.020611509305702991e-02
3.296197699562061767e-02 1.959542594996050574e-02 2.435334544991956188e-02 1.044448988735427811e-02 3.136887859997689737e-02 2.910338263911710008e-02 2.069292632632233411e-02 1.000464200973510742e+00 1.855151075974669980e-02 1.794100672453997208e-02 2.136110686226515981e-02 2.006298959444464958e-02 2.038625512960614075e-02 2.551463345754763704e-02 -5.866271847312597848e-03 -1.514961829892677060e-02 1.837145660029586985e-02 1.575202491157732046e-02 2.115548373267618285e-02 1.699230783689032603e-02 2.008479690183589614e-02 2.825387822540301186e-02 2.115190784829739518e-02 1.780006100682243048e-02 2.379531751797150235e-02 3.411919184744847955e-02 1.674849537959979470e-02 1.809011132532645227e-02 2.263440106707965624e-02 2.111602328982435661e-02 1.718353523819502252e-02 2.101425306167220564e-02 2.215693669272175356e-02 1.553148643300526939e-02 2.237013343367860729e-02 1.698714655064828896e-02 1.654899595200948550e-02 3.001521639374921113e-02 2.561036938081058881e-02 2.113086320999631174e-02 1.876077961520623491e-02 1.974108876203240284e-02 2.105144644970107295e-02 2.094158159265241750e-02 1.686921639812967097e-02 1.860055345526979986e-02 -5.296491076430818231e-04 1.834794655733519228e-02 1.772208717174722503e-02 2.170112457764335548e-02 2.082879317075813502e-02 1.899036396379273975e-02 2.222089613405775835e-02 1.769434194072542696e-02 2.027365388290981035e-02 2.249753129882199609e-02 9.442566195654155531e-03 1.983377540576454143e-02 1.896582864773283666e-02 2.399241020775530822e-02 1.683246021783929916e-02 1.593106217890793291e-02 2.381642920410468461e-02 2.282000343463694639e-02 2.155958520724574404e-02 1.906684598460367183e-02 1.524790623029911169e-02 2.011704551224722387e-02 2.547059420649516390e-02 2.019793872167854887e-02 2.148678942037059864e-02 2.182427747691677300e-02 2.023136206598150424e-02 1.794324444593638213e-02 2.083113146390270023e-02 1.780639423329641660e-02 1.890541715417890303e-02 2.140344337774820194e-02 1.677107234023038004e-02 1.951402848495857947e-02 2.012525887167974578e-02 2.382564269369939758e-02 2.050336534301134411e-02 -5.723095112981854693e-02 -5.316908171467946836e-02 -5.705168198873524638e-02 -5.639984296503750688e-02 -5.981962322873037030e-02 -5.252162873666507692e-02 -5.817724188283185383e-02 -5.610962642378306692e-02 -5.681857902579320885e-02 -5.776671918150867030e-02 -5.510124937824310148e-02 -6.157232060771439947e-02 -5.786727416770397203e-02 -5.789616619602068470e-02 -5.937982297405588333e-02 -6.114858948346707512e-02 -5.504359941727388073e-02 -5.462428227530662095e-02 -6.019590683712668783e-02 -5.651709286142625466e-02 -5.565741114553098695e-02 -5.578124290410443886e-02 -5.983696068064813661e-02 -6.229058168374806970e-02 -5.815847966448191991e-02 -5.835825426754981393e-02 -5.940569226260866004e-02 -5.646490171145402553e-02 -5.758916534746331972e-02 -5.697112401846443630e-02 -6.015285095427838624e-02 -5.681313697675424712e-02 -5.963585629557688339e-02 -5.531325462335030807e-02 -5.969708214092488835e-02 -5.623981655176753941e-02 -4.948945199035512804e-02 -5.364683662964315342e-02 -5.973745052316976195e-02 -6.191355496187928714e-02 -5.678056849231059855e-02 -5.915359241390432538e-02 -5.745891934628542808e-02 -6.431693478945729736e-02 -6.075646023741726465e-02 -5.819305958388863720e-02 -5.640630190619668610e-02
1.624647194307477990e-02 1.574925360118376028e-02 1.729654156554363484e-02 1.054615395643893408e-02 2.290473233879644979e-02 2.608290015218963850e-02 1.675116332458552806e-02 1.855151075974669980e-02 9.987478852272033691e-01 1.521088046185049836e-02 1.582710032474394027e-02 1.199261106071100765e-02 1.777728010903586661e-02 2.044360058167123129e-02 -8.957567321163763599e-03 -1.292904857606496163e-02 1.386023261440773834e-02 1.280229325264588616e-02 1.514515542760246601e-02 1.528416374233822032e-02 1.631909591988016384e-02 2.000354470713685759e-02 1.416153160357674218e-02 5.291423849217828657e-02 1.384588437833786378e-02 2.082407048908443276e-02 1.690778845720614099e-02 1.292998864254422779e-02 1.660272920212007078e-02 2.151392004626479296e-02 1.621132770441453819e-02 1.481361646932552803e-02 1.722682718528552315e-02 1.382216062041236385e-02 1.924843106955416785e-02 1.227110540598624552e-02 1.083849228221344350e-02 1.969643071536282194e-02 1.219963660745478941e-02 1.877477585015756983e-02 1.242403033637271524e-02 1.759536397541436314e-02 1.312818343106821398e-02 1.949720506642026521e-02 7.476593154827569296e-03 1.340820451135361219e-02 -1.596327167808387010e-03 1.039131187710329134e-02 1.470420139148388879e-02 1.632119675195270112e-02 1.672236069337828396e-02 1.636100500543355776e-02 1.701206040759360369e-02 1.264986280002116867e-02 1.698521194132617332e-02 1.550914972710638363e-02 8.568182845740639555e-03 1.626619378352167980e-02 1.539522568255586969e-02 1.521635184431600722e-02 1.266755085622763531e-02 1.275468510136380622e-02 1.971914316848744769e-02 1.452773568788036200e-02 1.518677816303958678e-02 1.286304696950950691e-02 1.112925707917830458e-02 1.656941760420395371e-02 2.095703891161164803e-02 1.794194679101923651e-02 1.755645807400721750e-02 1.731252269569116820e-02 1.884274558995119309e-02 1.502288672161489723e-02 1.751125805736147498e-02 1.251635101068796115e-02 1.578889423508435946e-02 1.537452745805398258e-02 1.306900114776948785e-02 1.700343917384912820e-02 1.666503200327121986e-02 1.640497581182408932e-02 1.663394555528299387e-02 -4.822791350543587791e-02 -4.571716216206551942e-02 -4.818462854249455640e-02 -4.949274850876681647e-02 -5.238689611805567858e-02 -4.882879617673593908e-02 -4.943936725977476909e-02 -4.846279882324797117e-02 -4.858540695888555194e-02 -5.111357956396381241e-02 -4.433783460444103153e-02 -5.360906635089223576e-02 -4.857675778854436688e-02 -4.708045131951921203e-02 -4.914052389745651034e-02 -5.365615069098601808e-02 -4.676419228281240154e-02 -4.565331865760585001e-02 -5.050234917724264611e-02 -4.690668010066829929e-02 -4.768620054596602736e-02 -4.960015913579456787e-02 -5.271627418057715786e-02 -5.178241521309946693e-02 -5.061653722263206173e-02 -5.022008897873099509e-02 -4.822993052771828992e-02 -5.174826551728207297e-02 -4.759246208936778605e-02 -4.573732679757025466e-02 -5.291007035194926489e-02 -4.886625356560370809e-02 -4.917053338964159220e-02 -5.010458232597690686e-02 -5.125096615926059279e-02 -4.730148567268285115e-02 -4.358936568638564074e-02 -4.373632056605534363e-02 -4.978721141272106354e-02 -5.153888631226553191e-02 -4.951324279611273027e-02 -5.346703110590303454e-02 -5.061825252967000477e-02 -5.477696136364205298e-02 -5.020783040009497294e-02 -5.022795592436432588e-02 -4.924496207059439468e-02
1.846514477102003185e-02 1.292273211154899848e-02 2.473193941486373504e-02 9.968788312248727870e-03 1.911945199303703713e-02 2.169168480161529772e-02 2.243225604378098342e-02 1.794100672453997208e-02 1.521088046185049836e-02 9.914951920509338379e-01 1.683536422706722810e-02 1.706105142041279207e-02 1.669329406133213817e-02 1.920173504815464796e-02 -4.154191835491617517e-03 -9.932475625431117991e-03 1.549252186474503468e-02 1.048160924340186748e-02 1.978580966604458202e-02 1.474435326510426664e-02 1.493749851377305579e-02 1.930860091154656608e-02 1.234971479863658690e-02 2.005964698064838583e-02 1.626891201438149248e-02 2.160938079405015644e-02 2.545440494870215148e-02 1.121823723494204048e-02 1.623048801926758183e-02 1.500815994465961277e-02 1.284372322556571328e-02 1.813595667735617631e-02 1.597224630977671714e-02 1.268642342413457344e-02 1.578764407238162151e-02 9.703558961505962671e-03 1.145013333690623851e-02 1.626801804328679643e-02 1.446208608244344516e-02 1.709461724135896352e-02 1.531920321876080633e-02 1.528792121459561504e-02 1.328842216247316799e-02 1.876664350685550500e-02 1.201300477630876454e-02 1.713343793614614807e-02 -2.904752865210882568e-03 1.571248205576520132e-02 1.489949775809928934e-02 1.594402895027053485e-02 1.696968897136467633e-02 1.660015065424380598e-02 1.763738480735459191e-02 1.291040648508087405e-02 1.744716172670159396e-02 1.136211629531405469e-02 8.884695407062586509e-03 1.682931874753934576e-02 1.444660641420684490e-02 1.458277218022743273e-02 1.225867781094013183e-02 1.133126730839785663e-02 1.974862326216489036e-02 1.442335338793589508e-02 1.883976196142264289e-02 1.495062731739657015e-02 1.513702168747056535e-02 1.853295946270191660e-02 2.140320871033584219e-02 1.694618451572334206e-02 1.598464317456645134e-02 1.622743594607709353e-02 2.084997609521292705e-02 1.253382116144009448e-02 1.618542070145620806e-02 9.756295573528942985e-03 1.288301046151794221e-02 1.609471196877108531e-02 1.050329083610792094e-02 1.489936226560524893e-02 1.416596095098499562e-02 1.666062360831049860e-02 1.636790394799090761e-02 -4.601115573119504698e-02 -4.735102843328704847e-02 -4.691872636116933143e-02 -4.905594864457890614e-02 -5.004439572202648567e-02 -4.532541006007128476e-02 -4.784157830954357399e-02 -4.775724889871700574e-02 -4.710201278485941917e-02 -4.765169326171075220e-02 -4.586189887595650688e-02 -4.814308682318789445e-02 -4.791609080028649825e-02 -4.475300874911630755e-02 -4.773906776157862270e-02 -5.033233263698944776e-02 -4.768622848256273694e-02 -4.431777892166345600e-02 -4.924924195721025466e-02 -4.759064621058168437e-02 -4.649082150937364211e-02 -4.577537923594793973e-02 -4.931949691061469215e-02 -4.871587645283712714e-02 -4.952277476290992825e-02 -4.762344936243769616e-02 -4.895172278957601181e-02 -4.974473102376496952e-02 -4.849208196391861098e-02 -4.467879797361783839e-02 -4.904223177559466351e-02 -4.682063258914411635e-02 -4.909646229712667093e-02 -4.503843975135445737e-02 -5.003372394208354529e-02 -4.869221415542438619e-02 -4.262555030625661545e-02 -4.583681739943093469e-02 -5.005364832285658788e-02 -4.965353479746727194e-02 -4.853824998364032750e-02 -4.968772360452006209e-02 -4.790755337633215150e-02 -5.175122679653325342e-02 -4.945419041798870124e-02 -5.047464166062640145e-02 -4.572630581016845497e-02
2.218529513204131956e-02 2.108883958439641479e-02 2.053089965272798800e-02 1.296394697267416393e-02 2.396709406381737975e-02 2.810802125398398355e-02 2.147307674187586002e-02 2.136110686226515981e-02 1.582710032474394027e-02 1.683536422706722810e-02 9.977342486381530762e-01 1.720243155220916448e-02 2.132856072709887404e-02 2.259666151858512328e-02 -6.814978417526339205e-03 -1.247076826266730297e-02 1.378837968767153074e-02 1.838583696345195972e-02 1.942769322648829275e-02 1.822750909526191579e-02 2.331611269363860831e-02 2.262647545459324158e-02 2.357357916257078745e-02 2.252106369106003994e-02 2.061049800090183903e-02 2.338068254961271283e-02 1.357884822820292804e-02 1.828510318303772086e-02 1.913559934593498865e-02 2.084454661764248429e-02 1.916036513891774401e-02 1.826739277755388621e-02 2.621959391988803317e-02 1.819420029100547037e-02 2.244360807985379055e-02 1.481992175920280631e-02 1.674699518435650639e-02 2.415667739640573602e-02 1.705812785556716851e-02 2.156567398849852657e-02 1.838315085967836410e-02 1.646614578397867859e-02 5.103362502418191948e-02 1.769801700002252703e-02 1.236372360505644426e-02 1.632797137665469717e-02 1.530274402360208823e-03 1.641791883707948915e-02 1.926858732407989855e-02 2.195511992443440960e-02 2.001732024297419102e-02 1.948561277561575850e-02 2.197668138977461674e-02 1.674359250687731948e-02 2.141091781419776283e-02 2.092228299164566180e-02 9.766977829695645125e-03 1.672676489784949774e-02 1.657252555058785770e-02 1.885640239525251255e-02 1.388033439256988397e-02 1.400503916979049975e-02 2.418090401307200141e-02 1.923956120009898130e-02 1.787155494829092278e-02 1.842895290998319141e-02 1.654192100889286671e-02 1.814161663184947135e-02 2.282316446055459788e-02 2.206274426642698683e-02 1.869981497703745998e-02 1.846643264812833016e-02 2.026951367927749825e-02 1.911017983658923683e-02 1.792196793388261405e-02 1.666540635366712403e-02 1.799313362033977404e-02 2.050057308017025348e-02 1.321396275126398602e-02 2.009456353604545040e-02 1.897045494814788777e-02 1.911677287341262063e-02 2.039240816503135392e-02 -5.156149260632266612e-02 -5.089237200390057253e-02 -5.490456456277125613e-02 -5.439864397100530047e-02 -5.405146470906068562e-02 -5.221766180251034145e-02 -5.231307645491113656e-02 -5.365245188558170897e-02 -5.320558925925912563e-02 -5.235864663146327924e-02 -5.252535547866609561e-02 -5.647816042025223526e-02 -5.454906578232662090e-02 -5.233736453209016787e-02 -5.730729067398626642e-02 -5.856415815993572249e-02 -5.028557794873683706e-02 -5.050827732306435031e-02 -5.561788086118738678e-02 -5.487133118732592102e-02 -5.292430125431296650e-02 -4.938108034440057831e-02 -5.513151588711791284e-02 -5.696159205166723832e-02 -5.660308170609734679e-02 -5.399785996729496163e-02 -5.435970594251193777e-02 -5.505169544300022449e-02 -5.572055344141324529e-02 -5.014402880053037831e-02 -5.626549028414334908e-02 -5.499185525284899789e-02 -5.465614117019385737e-02 -5.019697982593310237e-02 -5.523502097792570842e-02 -5.402842819141422809e-02 -4.481397478411491830e-02 -5.130902958186111390e-02 -5.753545444663010766e-02 -5.844309212443648399e-02 -5.580435764422167488e-02 -5.967074351754739908e-02 -5.615525247352862181e-02 -5.832684794552926710e-02 -5.674519517355733345e-02 -5.369395449365298167e-02 -5.335195467673826270e-02
2.203216207400936211e-02 2.226214312226914085e-02 2.287735866451088423e-02 1.120143267360650466e-02 2.104198851488515640e-02 2.315990381630896391e-02 2.327147839307622951e-02 2.006298959444464958e-02 1.199261106071100765e-02 1.706105142041279207e-02 1.720243155220916448e-02 1.001447916030883789e+00 1.875846506816887180e-02 2.460978664575251204e-02 -4.873726820335232135e-03 -9.094910614735647256e-03 1.454653003331651470e-02 1.464277719629924514e-02 2.557649066998127219e-02 1.222237140985678143e-02 1.528131560630371227e-02 2.013759008546721352e-02 2.240392414422829118e-02 2.007801389615488860e-02 1.446192405018253101e-02 2.451050277470748218e-02 1.547017119054779413e-02 1.306552723196869291e-02 2.438329627525155294e-02 1.534151897221215990e-02 1.706494159150455728e-02 2.004961913925959807e-02 1.897152911029136024e-02 1.285755184093679594e-02 1.875628601362554909e-02 1.508942750448684020e-02 1.274942743386312492e-02 2.247460792439221616e-02 1.658301294899251419e-02 2.524572415860334637e-02 1.956276527474771348e-02 1.963086631654586620e-02 1.697966932053905642e-02 1.787027824582131108e-02 1.109294788443528426e-02 1.882392330791833254e-02 1.401424619904722245e-03 1.812772655596563143e-02 1.742535721297001905e-02 1.867437172158450259e-02 1.831644944137534106e-02 1.796345377999586032e-02 1.967733465468220894e-02 1.500679244825069494e-02 1.950619785690097321e-02 1.760979602127436816e-02 9.597061162775687507e-03 1.753237812447367566e-02 1.569974157083594418e-02 1.964070837956653770e-02 1.160450258934257739e-02 1.241432516267591997e-02 2.212169048548351738e-02 1.820569061323198956e-02 2.129448925375226551e-02 1.588957493596485082e-02 1.187010070316190345e-02 1.444626279406732196e-02 2.109492417515968984e-02 1.880721303259668895e-02 1.801284428614799080e-02 1.861993865972635248e-02 1.758471035425928850e-02 1.485571971422604796e-02 1.694914160448501850e-02 1.106868634702313017e-02 1.328611459958498227e-02 1.899322886178527597e-02 1.486042144345221631e-02 1.745219729825843794e-02 1.800341568475861617e-02 1.540476882399175254e-02 1.699823877637170189e-02 -4.961089237625026377e-02 -4.591405091469334676e-02 -5.050141609491255040e-02 -5.167495988751698299e-02 -5.211707329239899378e-02 -4.807272571071596196e-02 -4.891921017832577545e-02 -4.843743239343596685e-02 -4.963849373379900648e-02 -5.272170505497743298e-02 -4.833990014700460802e-02 -5.504116334604083199e-02 -4.913469073606361454e-02 -5.006291768564472000e-02 -5.250011196987960926e-02 -5.702228710167776826e-02 -4.582934156615153798e-02 -4.845318863397998776e-02 -5.157927145646843542e-02 -5.129358623120023469e-02 -5.150685979779804496e-02 -4.944749680941716574e-02 -5.347374147643259995e-02 -5.373618904055803974e-02 -5.250114562395784973e-02 -5.264072244843664289e-02 -5.166919377395619295e-02 -5.190232467349494005e-02 -5.055225511360406099e-02 -4.612968512371308505e-02 -5.311900257141845966e-02 -5.015825970289407298e-02 -5.336190569248610432e-02 -4.904490810155940489e-02 -5.257792097903422890e-02 -4.992812919384189557e-02 -4.409801568365009222e-02 -4.779947785830272050e-02 -5.295166794444935293e-02 -5.055469677215644608e-02 -5.015695785748741642e-02 -5.570128277700320263e-02 -5.236081451136791187e-02 -5.520306151129032030e-02 -5.330733434447423869e-02 -5.158168517842411788e-02 -5.001283295506436105e-02
